01 ’ ’0111101111011 1111111. 1110. 10 ·

110 111 010 8100011011, 001 gut 10100, 001 11010 0080101101οο 111, 101010 1111100οτ 00 80000, 010 011 101
01101 111011 01001000 , 000 01010111 1010010110ηῂορ them 81000 00010101) 800000, 110011, 111100 00011010
11101100 0010011111 100000. 110 geben 0000 101010 01010 11111 90009100 000010. 111001)·10000900001)10111.[81)10]
&athen 1001010110). 8001110010000010110), 819. 1110101101 000 101). 011101 1111100 8001110100 1110110000 001
100110 01100 11001011 1110011οο 0000101101) 10011000, 01000 000001, 1011 11100100 1111011000 gum 11109101
011000 000 8100011010, 100001010011000000010,9010οἱε 000 (11011101), 010111000118000081011901811100
mn 80000. 80) habe 010101 11111 1111001) ⁴⁸⁴). 811) 111, 9011111009, 1010010111, 1011110010, 0100060000 000
10000 0011) 8. f. g. 010101.1010111001)1010 101010 01180010, 11111, 000 0010 10101010 000 91001111)οτ [9010081000]
000 010οτ1101) 0101010110001000 001. (1. 8. (0. 8¹¹ 01οι 81100000, aad) 10 001 000300 Phildsophia 1000 100111
000 10 001011010101011 bin 111) 01101011 1011111). 110110οε 0010001111, 000 10111100 10011111) 101000 10 010101 11010110
maht 000 tegit 81. g. 0110011, 1101 81110000 000 1111101010 30111100000010000. 1100 00100001· 1010 9000
11. 800 80000001100016111. 011100 111000 0000111, 10 111 010011) 10 00011 0001000100.
ρ. 3· 8. 1101011, 001010101010001100000001111000111ῐο 10 01)100. ·
mabam ffliefet 1101 1101) 0100110 00100100 1100100ος fid)
m minim 8¹ (1. 111. 1000011101), 010 01101101) 10 100110 111001)οη 1011
· mm 8101100 11101150 00011900, 0οβ 0100000 8. 11. 1011 11)01
101011 001110) 10110100, 00001010 1011000, 1010 sud> 00
11110001,, 00 (1.111. 1101010000 0111 8)οι 00110111. 81111.
1001000 0000 1110011οῑ 00 010ῖώ111000εό 1511100 010 0000
100 8101011011 00000. &0 000 101) 011 31001101, [0 01 000
No. 11125.ι 1¹ Q· genommen 1010001, 01 100101 0001) 801100 811000 101001
''²’' , ‚ , 1110100 11001101), 1101110 000 01118108 1000100. -
Senam Nm 1111189111· (1. 1111. 1000 1101101), 001110 010 8100100 0011011100
Ε1110111·001.1001011110,11111008..1818108188..8...8888 ,
1-1· ¹¹¹ ¹¹³v²¹²³·⁰⁰¹¹⁰·⁰¹v· 000ος 000001000101000000 0· 010000
Senatui 110111 Noerdlingen. mm 11113111 ’ἐξ ἒ ffsgm'i (Β mm ΒἮΜ
(1101100 8000 00101) 101000 010000010008001111011110 8,ῃςἘ9ἓῑ),)ᾑᾬ()ῃῶωῗ ῧῃζοὲηὲἔῑξῴιξὲξῗέῃὲξ &¹ss31
6111111111 11111111 1111111111 01111· ρ11111111 1111111111, 010 80110100 0008101110 0101010000, 00οτ 00101) 1101100
11111111 1111111111 11111111· 1111 1111. 1111011001 0011111. &aab gu 001100, 00 1001000 000) 010 10000010 000110)οη
1118111111 611111 11111 81111 1111111111 111 ,1119111111 &tante 10 80011010 1101100 010 0100001000810010
111 111 1111111111 111111 111111111) 111111·1111111111 “¹¹⁰ ῦο10010 1000, 01001000109100111100 0001111901, 001
1111111111111161111111 11111111 6511111 ,6111111111 (5²⁵ 111, bei 00000 00111180 1001 000 000010 gnte 81101100
11111 11111111118119111111 1111111 111111 1113111111 111011 10 100 nod) 00001100 10010011. ’
0111000101 8011010110001011001ᾶο3ιο000, 000011100οι00).βο Qum mum ρ. Q. mit ΕΜ) 8),Ῐῶ Μ stt,
110010001110110100111001111101111011111 m 000 00 000000, nas 0100000 110100, mie 0
0101001 10000 000 m 0010101100100000100110. 012 {mmm 0110010000 gu &nupta 00100001, 000 100 101)
1100 0010000 10110110 00011111), 010 jebet 10 1010000 8111. 0000 0100011 1000, 1110 111) 1011)εὸ gu 11)οη gang
110101, 1010)οἐ 111011 gu 1010010 1001010 111ιο , 000 101) 1011111). 111000 8101110011, 0οβ 101) 010010 1010101 001
01100100101100, 011010110οι0 0001000111 000 00019οῑ0000 80000 00 001, 0100. 001 010100 90110901111011 0001) 10
1011 «berra 1100110100 1111010101 8000 000 1110110000 8101100 (ἒ 10 000 001 001000 8018000011 31¹ 11101 0101101)
000010010000,00010111(1.81011000000,0011000110) 010000 00011. (0011 0010010 11. 111. 01101011. Datum
1111801019 0011 17. 1110ςὲ01000ήί 01110οΧ11111. .

1 Philippus Melanthon.

⁶) 1011111111111110101 08101010100000101110 00110100). , . ι · ’111111911
110011101ωο. instem 11011000, 10 01111100 quaerebant 1100010 Phsslppus Melamlffln·

ennemia'r eulog. 11100010οω00 1000010111οΜ 010100- ....-.-.-...

31101 movim, 10000011010011100 in ep· 0111110111 0115..
1000, 001010011000111101001001, 011οΜ01.0)1101·0011, 01 11) Ρο001111100110100 111111οΝὃο(111113011011011001518.11010110 ad
Lentim-avius 10110000110011 scriberet. ¹ 01111. 10481 τῳ· 0001101110.

 

