665 mls‘rQLARUM LlB. lx, 1544. 866

No. 2920.

Μ

Senatui] 8111111111. ’

Fa autographo in tabellario Senatu· 1161181111111111111
edita 11 6111 011111111111111111 11410111. 11116. An·
11111111111141161ω1166ω 1113111111 6181111111 116

1611 11161111, 16111111 116 8111111111 111111 6111 1111911.

m

1111111111 116 111111 6116116161111,
1111111 11116111 111111.

(1111111 6111616111) 111111111111111116111, &esum
1111111111, 111111 11111116 11111. 6116111, 111111, 11111

Q 1111βὶ111111 1111111111, 611 1111111111 1111111111611
ι 11.

Ι ρ. Q·
, 11111111
Philippus Melanthon.

17. Apr.

m

Alberto Πιιοί 111111.

Ι Ex 111111. a Fabro 1111111 p. 90.

Epistola Mel. Albano Duca' Ρ1111111 scripta d. 17.

11111611, 1111111111 13111111. (111). 1131111111 1116 6111111·ς Aprilis 1544 perdita 111, sedin Catalogo epistol.RIelan-
[1111611111 1611111 1111111, 161 111113 &We bi? &ugenb in thanis ad huno Ducem, qui habetur in 116111. Regiomont.
11111111111111111 116 116111 11611111 1111111111 11 nutet: eius argumentum 111 verbis indicatur:

111111111111111111111111 11111111, 116 611 611111111 611
13111111111111111111111, 11 111 611111161111116111116
11161161, 61111111 6111 111 61166116111111111111
111111111, 6111111 111111, 611 1111111 1111111 111111

11111161131116111111,11111111111611161 6111 1111
111 11.

1116 11116111. 11111111111611111, 11111 1111
111111, 1111111111111 1111111 1111111111111111, 611
6161111111 111111111111111 111, 1111111111 11111111
6111111111 1161111,-6.116. 11111 1111111111), 1111
11111111611111111ιη1116111111*) 1111111111 111
111111, 611111611111811161161111111111111111
1111111 111, 116 1111 61111111118111 1111 1113111111
611111 1111111111 1611116111 11111111 111, 611 111111),
111 &Magister 11116111, 111 Examine 11111 11111111

116 1111111 61111611.

1111111 111111 6111111111 11111 611 61111111 111

11111111116111116111111111, 11111111 111 611111 111111,
1111111111111. 1611111 11116 1111 6111116111 Magister
11111111 1111111111 111) 11111111 611 1111111111
61111111 1. Q, 111. 11111111, 116 1111111 1111 6111111111
111. 111611 11 111111111111116, 111111 11111111
111 1111161111, 11111111 6111111111 61611111 11116,
1116 111 111 1161111111. 61111111 111 1111116111. ,1111
1111 116611111111111311111111111111 611111. 11111
111111 61111 6111111 11111 6111111 111 61161 1116111111.
1111111111111111116111761111111, 1111111111
111384631111111111 11611 111111 1111111111. 11111

11161161131116116111111116111111ίῴ 11111111 111, No, 2922

w

μ

1) 811611. 1111111111.
η nubum!

..111111111111111 11116111111111111111 111
11161111161111111, 611 11 11111111, 1111
eine-&it 11111116111116111 11 6111111, 1111111 ·
1111111 1111111. 1111111. 11111 611111. Item 6111111
111 1111 1111111111 11611111. 11111111111111
611 11111111 1644.”

Quibus nddidit Faber 111111

§Der 111111 11111 61111111111111111111, 1111111111·
11111611 (311611) 1111 111 11111111 1111111,1611111
6111111161 6111111 111 1111111 61111111 11 111111
Θ11111111111111ς 11111111 111 11111111, 11 11 mit 15111.
1111111111 111 1611111111111111 111111.

1111 111 11111111 611 1111111 111 11111111111111
11111111611111111111111111 1111111 1111 11111 1116111

- 111111 111111 6111111111111 111111 111111, 1111111111

1111 11113111111111111111111 6111111 116 1111111 1111

· 61111 111111,1111111 111 111111 1111116111 1111,11111 161.

1111111611 1111 11 1111111 1111 11111111 11111. 1111111111
11311 1111111 1111111 161111111, [1111161 111 611111 11

11111 1111

..1611 111111111111111111, 11111111 11 1111111111
6111111 111 111611 11 11111111 1111111011111
1111 11111111, 1111111111 111 11111111, 11111111
1111111111. 61111 111 1111111111 1111 1111111 11111111.
11611 111111111111111111, 111 1111 111 1111111111
1111111111 - 111111111111111611111 11111111, 611
111 11 1111111 1111111111 611 111111.111 111111 (11111
6111116.11 111111 11 1111 11111111, 6111111111 111 Oen
111, 61111 11 11111 11161111 1111111 6116111111111
1111 611111 111111,11111111.” -

17. Apr.

111111 Meuia.

Ι 1 611-1111111111 1111111. Monac· 8⁸. no. w, p. 112. 111111.

1111111190. no. vn. p. 380!

 

